#Layer_Color=32768
#
#Feature symbol names
#
$0 r1.9685
$1 r3.937

#
#Feature attribute names
#

#
#Layer features
#
L 0.5482284 0.1102362 0.5482284 0.2165354 0 P 0
L 0.5482284 0.1102362 0.6072835 0.1102362 0 P 0
L 0.5482284 0.2165354 0.6072835 0.2165354 0 P 0
L 0.5600394 0.1633858 0.5954724 0.1633858 1 P 0
L 0.5777559 0.1456693 0.5777559 0.1811024 1 P 0
L 0.6072835 0.1102362 0.6072835 0.2165354 0 P 0
L 0.625 1.0610237 0.625 1.1673229 0 P 0
L 0.625 1.0610237 0.6840551 1.0610237 0 P 0
L 0.625 1.1673229 0.6840551 1.1673229 0 P 0
L 0.6259843 0.4301182 0.6259843 0.4891733 0 P 0
L 0.6259843 0.4301182 0.7322835 0.4301182 0 P 0
L 0.6259843 0.4891733 0.7322835 0.4891733 0 P 0
L 0.6269685 0.3582678 0.6269685 0.4173229 0 P 0
L 0.6269685 0.3582678 0.7332677 0.3582678 0 P 0
L 0.6269685 0.4173229 0.7332677 0.4173229 0 P 0
L 0.6279528 0.2864173 0.6279528 0.3454724 0 P 0
L 0.6279528 0.2864173 0.734252 0.2864173 0 P 0
L 0.6279528 0.3454724 0.734252 0.3454724 0 P 0
L 0.6358268 0.0984253 0.6358268 0.2401576 0 P 0
L 0.6358268 0.0984253 0.8031496 0.0984253 0 P 0
L 0.6358268 0.2401576 0.8031496 0.2401576 0 P 0
L 0.6368111 1.1141733 0.6722441 1.1141733 1 P 0
L 0.6545276 1.0964567 0.6545276 1.1318898 1 P 0
L 0.6614173 0.4596457 0.6968504 0.4596457 1 P 0
L 0.6624015 0.3877953 0.6978346 0.3877953 1 P 0
L 0.6633859 0.3159449 0.698819 0.3159449 1 P 0
L 0.6791339 0.4419292 0.6791339 0.4773622 1 P 0
L 0.6801181 0.3700788 0.6801181 0.4055118 1 P 0
L 0.6811024 0.2982284 0.6811024 0.3336614 1 P 0
L 0.6840551 1.0610237 0.6840551 1.1673229 0 P 0
L 0.6958661 1.0600394 0.6958661 1.1663386 0 P 0
L 0.6958661 1.0600394 0.7549212 1.0600394 0 P 0
L 0.6958661 1.1663386 0.7549212 1.1663386 0 P 0
L 0.6998032 0.1692914 0.7391732 0.1692914 1 P 0
L 0.7076772 1.113189 0.7431102 1.113189 1 P 0
L 0.7194882 0.1496064 0.7194882 0.1889765 1 P 0
L 0.7253937 1.0954724 0.7253937 1.1309055 1 P 0
L 0.7322835 0.4301182 0.7322835 0.4891733 0 P 0
L 0.7332677 0.3582678 0.7332677 0.4173229 0 P 0
L 0.734252 0.2864173 0.734252 0.3454724 0 P 0
L 0.7549212 1.0600394 0.7549212 1.1663386 0 P 0
L 0.8031496 0.0984253 0.8031496 0.2401576 0 P 0
L 0.8041338 0.2874015 0.8041338 0.4527558 0 P 0
L 0.8041338 0.2874015 0.9694881 0.2874015 0 P 0
L 0.8041338 0.4527558 0.9694881 0.4527558 0 P 0
L 0.8287403 0.117126 0.8287403 0.1761811 0 P 0
L 0.8287403 0.117126 0.9350395 0.117126 0 P 0
L 0.8287403 0.1761811 0.9350395 0.1761811 0 P 0
L 0.8297245 0.1840552 0.8297245 0.2431103 0 P 0
L 0.8297245 0.1840552 0.9320867 0.1840552 0 P 0
L 0.8297245 0.2431103 0.9320867 0.2431103 0 P 0
L 0.8405513 1.5580079 0.8405513 1.6643071 0 P 0
L 0.8405513 1.5580079 0.8996064 1.5580079 0 P 0
L 0.8405513 1.6643071 0.8996064 1.6643071 0 P 0
L 0.8523623 1.6111575 0.8877953 1.6111575 1 P 0
L 0.8622049 0.2135828 0.8996064 0.2135828 1 P 0
L 0.8641734 0.1466536 0.8996065 0.1466536 1 P 0
L 0.8671259 0.3700787 0.906496 0.3700787 1 P 0
L 0.8700788 1.593441 0.8700788 1.6288741 1 P 0
L 0.8809056 0.194882 0.8809056 0.2322836 1 P 0
L 0.8818899 0.1289371 0.8818899 0.1643701 1 P 0
L 0.886811 0.3503936 0.886811 0.3897637 1 P 0
L 0.8996064 1.5580079 0.8996064 1.6643071 0 P 0
L 0.9124015 1.5580709 0.9124015 1.6604331 0 P 0
L 0.9124015 1.5580709 0.9714566 1.5580709 0 P 0
L 0.9124015 1.6604331 0.9714566 1.6604331 0 P 0
L 0.9232283 1.609252 0.9606299 1.609252 1 P 0
L 0.9320867 0.1840552 0.9320867 0.2431103 0 P 0
L 0.9350395 0.117126 0.9350395 0.1761811 0 P 0
L 0.9419291 1.5905512 0.9419291 1.6279527 1 P 0
L 0.9458662 0.1240158 0.9458662 0.230315 0 P 0
L 0.9458662 0.1240158 1.0009843 0.1240158 0 P 0
L 0.9458662 0.230315 1.0009843 0.230315 0 P 0
L 0.9576773 0.1771654 0.9891733 0.1771654 1 P 0
L 0.9694881 0.2874015 0.9694881 0.4527558 0 P 0
L 0.9714566 1.5580709 0.9714566 1.6604331 0 P 0
L 0.9734253 0.1614174 0.9734253 0.1929134 1 P 0
L 1.0009843 0.1240158 1.0009843 0.230315 0 P 0
L 1.0118111 0.1230316 1.0118111 0.2293308 0 P 0
L 1.0118111 0.1230316 1.0708662 0.1230316 0 P 0
L 1.0118111 0.2293308 1.0708662 0.2293308 0 P 0
L 1.0236222 0.1761812 1.0590552 0.1761812 1 P 0
L 1.0413387 0.1584646 1.0413387 0.1938977 1 P 0
L 1.0708662 0.1230316 1.0708662 0.2293308 0 P 0
L 1.101378 0.2076771 1.101378 0.4872047 0 P 0
L 1.101378 0.2076771 1.4084646 0.2076771 0 P 0
L 1.101378 0.4872047 1.4084646 0.4872047 0 P 0
L 1.2352362 0.3474409 1.2746063 0.3474409 1 P 0
L 1.2549213 0.3277558 1.2549213 0.3671259 1 P 0
L 1.4084646 0.2076771 1.4084646 0.4872047 0 P 0
L 1.4163386 0.4931103 1.4163386 0.5521654 0 P 0
L 1.4163386 0.4931103 1.5187008 0.4931103 0 P 0
L 1.4163386 0.5521654 1.5187008 0.5521654 0 P 0
L 1.4163387 0.5659449 1.4163387 0.625 0 P 0
L 1.4163387 0.5659449 1.5226379 0.5659449 0 P 0
L 1.4163387 0.625 1.5226379 0.625 0 P 0
L 1.4163387 0.632874 1.4163387 0.6919291 0 P 0
L 1.4163387 0.632874 1.5226379 0.632874 0 P 0
L 1.4163387 0.6919291 1.5226379 0.6919291 0 P 0
L 1.4163387 0.6998031 1.4163387 0.7588582 0 P 0
L 1.4163387 0.6998031 1.5226379 0.6998031 0 P 0
L 1.4163387 0.7588582 1.5226379 0.7588582 0 P 0
L 1.4163387 0.7647637 1.4163387 0.8238188 0 P 0
L 1.4163387 0.7647637 1.5226379 0.7647637 0 P 0
L 1.4163387 0.8238188 1.5226379 0.8238188 0 P 0
L 1.4163387 0.8316929 1.4163387 0.890748 0 P 0
L 1.4163387 0.8316929 1.5226379 0.8316929 0 P 0
L 1.4163387 0.890748 1.5226379 0.890748 0 P 0
L 1.4320865 1.090551 1.4320865 1.1496061 0 P 0
L 1.4320865 1.090551 1.5344487 1.090551 0 P 0
L 1.4320865 1.1496061 1.5344487 1.1496061 0 P 0
L 1.4330707 1.1614172 1.4330707 1.2204723 0 P 0
L 1.4330707 1.1614172 1.5354329 1.1614172 0 P 0
L 1.4330707 1.2204723 1.5354329 1.2204723 0 P 0
L 1.4340551 0.1712598 1.4340551 0.277559 0 P 0
L 1.4340551 0.1712598 1.4931102 0.1712598 0 P 0
L 1.4340551 0.277559 1.4931102 0.277559 0 P 0
L 1.4458662 0.2244094 1.4812992 0.2244094 1 P 0
L 1.4488189 0.5226378 1.4862204 0.5226378 1 P 0
L 1.4517717 0.5954724 1.4872048 0.5954724 1 P 0
L 1.4517717 0.6624015 1.4872048 0.6624015 1 P 0
L 1.4517717 0.7293306 1.4872048 0.7293306 1 P 0
L 1.4517717 0.7942912 1.4872048 0.7942912 1 P 0
L 1.4517717 0.8612204 1.4872048 0.8612204 1 P 0
L 1.4635827 0.2066928 1.4635827 0.2421259 1 P 0
L 1.4645669 1.1200786 1.5019684 1.1200786 1 P 0
L 1.4655511 1.1909448 1.5029526 1.1909448 1 P 0
L 1.4675197 0.503937 1.4675197 0.5413386 1 P 0
L 1.4694883 0.5777559 1.4694883 0.6131889 1 P 0
L 1.4694883 0.644685 1.4694883 0.680118 1 P 0
L 1.4694883 0.7116141 1.4694883 0.7470471 1 P 0
L 1.4694883 0.7765747 1.4694883 0.8120077 1 P 0
L 1.4694883 0.8435039 1.4694883 0.8789369 1 P 0
L 1.4832676 1.1013778 1.4832676 1.1387794 1 P 0
L 1.4842518 1.172244 1.4842518 1.2096456 1 P 0
L 1.4931102 0.1712598 1.4931102 0.277559 0 P 0
L 1.5187008 0.4931103 1.5187008 0.5521654 0 P 0
L 1.5226379 0.5659449 1.5226379 0.625 0 P 0
L 1.5226379 0.632874 1.5226379 0.6919291 0 P 0
L 1.5226379 0.6998031 1.5226379 0.7588582 0 P 0
L 1.5226379 0.7647637 1.5226379 0.8238188 0 P 0
L 1.5226379 0.8316929 1.5226379 0.890748 0 P 0
L 1.5344487 1.090551 1.5344487 1.1496061 0 P 0
L 1.5354329 1.1614172 1.5354329 1.2204723 0 P 0
L 1.5718503 1.0844488 1.5718503 1.7620079 0 P 0
L 1.5718503 1.0844488 2.2253936 1.0844488 0 P 0
L 1.5718503 1.7620079 2.2253936 1.7620079 0 P 0
L 1.6673229 0.4822835 1.6673229 1.0098425 0 P 0
L 1.6673229 0.4822835 2.1948819 0.4822835 0 P 0
L 1.6673229 1.0098425 2.1948819 1.0098425 0 P 0
L 1.7096456 0.3248032 1.7096456 0.4311024 0 P 0
L 1.7096456 0.3248032 1.7687007 0.3248032 0 P 0
L 1.7096456 0.4311024 1.7687007 0.4311024 0 P 0
L 1.7214567 0.3779528 1.7568897 0.3779528 1 P 0
L 1.7391732 0.3602362 1.7391732 0.3956693 1 P 0
L 1.7687007 0.3248032 1.7687007 0.4311024 0 P 0
L 1.7775591 0.3287402 1.7775591 0.4311024 0 P 0
L 1.7775591 0.3287402 1.8366142 0.3287402 0 P 0
L 1.7775591 0.4311024 1.8366142 0.4311024 0 P 0
L 1.7883858 0.3799213 1.8257874 0.3799213 1 P 0
L 1.8070866 0.3612206 1.8070866 0.3986221 1 P 0
L 1.8366142 0.3287402 1.8366142 0.4311024 0 P 0
L 1.8533465 0.7588583 1.8533465 0.8651575 0 P 0
L 1.8533465 0.7588583 1.9124016 0.7588583 0 P 0
L 1.8533465 0.8651575 1.9124016 0.8651575 0 P 0
L 1.8582676 0.3248032 1.8582676 0.4311024 0 P 0
L 1.8582676 0.3248032 1.9173227 0.3248032 0 P 0
L 1.8582676 0.4311024 1.9173227 0.4311024 0 P 0
L 1.8651575 0.8120079 1.9005905 0.8120079 1 P 0
L 1.8700787 0.3779528 1.9055117 0.3779528 1 P 0
L 1.8789369 1.4232283 1.918307 1.4232283 1 P 0
L 1.882874 0.7942913 1.882874 0.8297244 1 P 0
L 1.8877952 0.3602362 1.8877952 0.3956693 1 P 0
L 1.898622 1.4035433 1.898622 1.4429134 1 P 0
L 1.9114174 0.746063 1.9507874 0.746063 1 P 0
L 1.9124016 0.7588583 1.9124016 0.8651575 0 P 0
L 1.9173227 0.3248032 1.9173227 0.4311024 0 P 0
L 1.9192913 0.7588583 1.9192913 0.8651575 0 P 0
L 1.9192913 0.7588583 1.9783464 0.7588583 0 P 0
L 1.9192913 0.8651575 1.9783464 0.8651575 0 P 0
L 1.9242125 0.3248032 1.9242125 0.4311024 0 P 0
L 1.9242125 0.3248032 1.9832676 0.3248032 0 P 0
L 1.9242125 0.4311024 1.9832676 0.4311024 0 P 0
L 1.9311023 0.8120079 1.9665353 0.8120079 1 P 0
L 1.9311024 0.726378 1.9311024 0.765748 1 P 0
L 1.9360236 0.3779528 1.9714566 0.3779528 1 P 0
L 1.9488188 0.7942913 1.9488188 0.8297244 1 P 0
L 1.9537401 0.3602362 1.9537401 0.3956693 1 P 0
L 1.9596457 0.9320866 1.9596457 1.0383858 0 P 0
L 1.9596457 0.9320866 2.0187008 0.9320866 0 P 0
L 1.9596457 1.0383858 2.0187008 1.0383858 0 P 0
L 1.9714567 0.9852362 2.0068897 0.9852362 1 P 0
L 1.9783464 0.7588583 1.9783464 0.8651575 0 P 0
L 1.9832676 0.3248032 1.9832676 0.4311024 0 P 0
L 1.9872047 0.7588583 1.9872047 0.8651575 0 P 0
L 1.9872047 0.7588583 2.0462598 0.7588583 0 P 0
L 1.9872047 0.8651575 2.0462598 0.8651575 0 P 0
L 1.9891732 0.9675196 1.9891732 1.0029527 1 P 0
L 1.9990157 0.8120079 2.0344487 0.8120079 1 P 0
L 2.0108267 0.3248032 2.0108267 0.4311024 0 P 0
L 2.0108267 0.3248032 2.0698818 0.3248032 0 P 0
L 2.0108267 0.4311024 2.0698818 0.4311024 0 P 0
L 2.0167322 0.7942913 2.0167322 0.8297244 1 P 0
L 2.0187008 0.9320866 2.0187008 1.0383858 0 P 0
L 2.0226378 0.3779528 2.0580708 0.3779528 1 P 0
L 2.0403543 0.3602362 2.0403543 0.3956693 1 P 0
L 2.0462598 0.7588583 2.0462598 0.8651575 0 P 0
L 2.0698818 0.3248032 2.0698818 0.4311024 0 P 0
L 2.1279528 1.3110237 2.1279528 1.4133859 0 P 0
L 2.1279528 1.3110237 2.1870079 1.3110237 0 P 0
L 2.1279528 1.4133859 2.1870079 1.4133859 0 P 0
L 2.1387795 1.3622048 2.1761811 1.3622048 1 P 0
L 2.1574803 1.3435041 2.1574803 1.3809056 1 P 0
L 2.1870079 1.3110237 2.1870079 1.4133859 0 P 0
L 2.1948819 0.4822835 2.1948819 1.0098425 0 P 0
L 2.2253936 1.0844488 2.2253936 1.7620079 0 P 0
L 2.2372047 0.5127952 2.2372047 0.5718503 0 P 0
L 2.2372047 0.5127952 2.3395669 0.5127952 0 P 0
L 2.2372047 0.5718503 2.3395669 0.5718503 0 P 0
L 2.2431103 1.2552494 2.2431103 1.3339895 0 P 0
L 2.2431103 1.2552494 2.3769686 1.2552494 0 P 0
L 2.2431103 1.3339895 2.3769686 1.3339895 0 P 0
L 2.253937 1.1003938 2.253937 1.1594489 0 P 0
L 2.253937 1.1003938 2.3602362 1.1003938 0 P 0
L 2.253937 1.1594489 2.3602362 1.1594489 0 P 0
L 2.253937 1.1778216 2.253937 1.2368767 0 P 0
L 2.253937 1.1778216 2.3602362 1.1778216 0 P 0
L 2.253937 1.2368767 2.3602362 1.2368767 0 P 0
L 2.2549212 1.3503938 2.2549212 1.4094489 0 P 0
L 2.2549212 1.3503938 2.3572834 1.3503938 0 P 0
L 2.2549212 1.4094489 2.3572834 1.4094489 0 P 0
L 2.2696851 0.5423228 2.3070866 0.5423228 1 P 0
L 2.2874016 1.3799213 2.3248031 1.3799213 1 P 0
L 2.2883858 0.523622 2.2883858 0.5610236 1 P 0
L 2.2893701 1.1299213 2.3248032 1.1299213 1 P 0
L 2.2893701 1.2073491 2.3248032 1.2073491 1 P 0
L 2.2903544 1.2946194 2.3297245 1.2946194 1 P 0
L 2.2913385 1.3110237 2.2913385 1.4133859 0 P 0
L 2.2913385 1.3110237 2.3503936 1.3110237 0 P 0
L 2.2913385 1.4133859 2.3503936 1.4133859 0 P 0
L 2.2913386 1.1555119 2.2913386 1.2578741 0 P 0
L 2.2913386 1.1555119 2.4665354 1.1555119 0 P 0
L 2.2913386 1.2578741 2.4665354 1.2578741 0 P 0
L 2.3021653 1.3622048 2.3395669 1.3622048 1 P 0
L 2.3061023 1.3612205 2.3061023 1.3986221 1 P 0
L 2.3070866 1.1122048 2.3070866 1.1476378 1 P 0
L 2.3070866 1.1896326 2.3070866 1.2250656 1 P 0
L 2.3100394 1.2749344 2.3100394 1.3143045 1 P 0
L 2.3208661 1.343504 2.3208661 1.3809055 1 P 0
L 2.3395669 0.5127952 2.3395669 0.5718503 0 P 0
L 2.3503936 1.3110237 2.3503936 1.4133859 0 P 0
L 2.3572834 1.3503938 2.3572834 1.4094489 0 P 0
L 2.3592519 1.3110237 2.3592519 1.4133859 0 P 0
L 2.3592519 1.3110237 2.418307 1.3110237 0 P 0
L 2.3592519 1.4133859 2.418307 1.4133859 0 P 0
L 2.359252 1.206693 2.3986221 1.206693 1 P 0
L 2.3602362 1.1003938 2.3602362 1.1594489 0 P 0
L 2.3602362 1.1778216 2.3602362 1.2368767 0 P 0
L 2.3700787 1.3622048 2.4074803 1.3622048 1 P 0
L 2.3730316 0.6801181 2.3730316 0.7391732 0 P 0
L 2.3730316 0.6801181 2.4793308 0.6801181 0 P 0
L 2.3730316 0.7391732 2.4793308 0.7391732 0 P 0
L 2.3769686 0.5108268 2.3769686 0.5698819 0 P 0
L 2.3769686 0.5108268 2.4793308 0.5108268 0 P 0
L 2.3769686 0.5698819 2.4793308 0.5698819 0 P 0
L 2.3769686 0.5846457 2.3769686 0.6437008 0 P 0
L 2.3769686 0.5846457 2.4793308 0.5846457 0 P 0
L 2.3769686 0.6437008 2.4793308 0.6437008 0 P 0
L 2.3769686 1.2552494 2.3769686 1.3339895 0 P 0
L 2.378937 1.187008 2.378937 1.2263781 1 P 0
L 2.3887795 1.343504 2.3887795 1.3809055 1 P 0
L 2.4084647 0.7096457 2.4438978 0.7096457 1 P 0
L 2.4094489 0.5403543 2.4468504 0.5403543 1 P 0
L 2.409449 0.6141733 2.4468505 0.6141733 1 P 0
L 2.418307 1.3110237 2.418307 1.4133859 0 P 0
L 2.4261811 1.3110237 2.4261811 1.4133859 0 P 0
L 2.4261811 1.3110237 2.4852362 1.3110237 0 P 0
L 2.4261811 1.4133859 2.4852362 1.4133859 0 P 0
L 2.4261812 0.6919292 2.4261812 0.7273622 1 P 0
L 2.4281497 0.5216535 2.4281497 0.5590551 1 P 0
L 2.4281497 0.5954725 2.4281497 0.6328741 1 P 0
L 2.4370079 1.3622048 2.4744095 1.3622048 1 P 0
L 2.4557087 1.343504 2.4557087 1.3809055 1 P 0
L 2.4566929 2.1102363 2.4566929 2.1692914 0 P 0
L 2.4566929 2.1102363 2.5629921 2.1102363 0 P 0
L 2.4566929 2.1692914 2.5629921 2.1692914 0 P 0
L 2.4665354 1.1555119 2.4665354 1.2578741 0 P 0
L 2.4793308 0.5108268 2.4793308 0.5698819 0 P 0
L 2.4793308 0.5846457 2.4793308 0.6437008 0 P 0
L 2.4793308 0.6801181 2.4793308 0.7391732 0 P 0
L 2.4852362 1.3110237 2.4852362 1.4133859 0 P 0
L 2.4921259 2.1397638 2.527559 2.1397638 1 P 0
L 2.5098425 2.1220473 2.5098425 2.1574803 1 P 0
L 2.511811 0.5836615 2.511811 0.6427166 0 P 0
L 2.511811 0.5836615 2.6141732 0.5836615 0 P 0
L 2.511811 0.6427166 2.6141732 0.6427166 0 P 0
L 2.5442913 0.613189 2.5816928 0.613189 1 P 0
L 2.5629921 0.5944882 2.5629921 0.6318898 1 P 0
L 2.5629921 2.1102363 2.5629921 2.1692914 0 P 0
L 2.6141732 0.5836615 2.6141732 0.6427166 0 P 0
L 2.6279527 1.1456693 2.6279527 1.2480315 0 P 0
L 2.6279527 1.1456693 2.6870078 1.1456693 0 P 0
L 2.6279527 1.2480315 2.6870078 1.2480315 0 P 0
L 2.632874 0.9478347 2.632874 1.3887796 0 P 0
L 2.632874 0.9478347 2.9163386 0.9478347 0 P 0
L 2.632874 1.3887796 2.9163386 1.3887796 0 P 0
L 2.6387795 1.1968504 2.6761811 1.1968504 1 P 0
L 2.6545276 1.4192914 2.6545276 1.4783465 0 P 0
L 2.6545276 1.4192914 2.7608268 1.4192914 0 P 0
L 2.6545276 1.4783465 2.7608268 1.4783465 0 P 0
L 2.6574803 1.1781497 2.6574803 1.2155512 1 P 0
L 2.6870078 1.1456693 2.6870078 1.2480315 0 P 0
L 2.6899607 1.448819 2.7253938 1.448819 1 P 0
L 2.7076772 1.4311025 2.7076772 1.4665355 1 P 0
L 2.7099213 0.6112204 2.7099213 0.7135826 0 P 0
L 2.7099213 0.6112204 2.7689764 0.6112204 0 P 0
L 2.7099213 0.7135826 2.7689764 0.7135826 0 P 0
L 2.7099213 0.7332676 2.7099213 1.0994094 0 P 0
L 2.7099213 0.7332676 2.9154331 0.7332676 0 P 0
L 2.7099213 1.0994094 2.9154331 1.0994094 0 P 0
L 2.7106299 1.1466535 2.7106299 1.4379921 0 P 0
L 2.7106299 1.1466535 2.9271653 1.1466535 0 P 0
L 2.7106299 1.4379921 2.9271653 1.4379921 0 P 0
L 2.720748 0.6624015 2.7581496 0.6624015 1 P 0
L 2.7394488 0.6437007 2.7394488 0.6811022 1 P 0
L 2.7549213 1.1683072 2.7942914 1.1683072 1 P 0
L 2.7608268 1.4192914 2.7608268 1.4783465 0 P 0
L 2.7637795 0.4527559 2.7637795 0.5885827 0 P 0
L 2.7637795 0.4527559 2.8700788 0.4527559 0 P 0
L 2.7637795 0.5885827 2.8700788 0.5885827 0 P 0
L 2.7689764 0.6112204 2.7689764 0.7135826 0 P 0
L 2.7716536 1.4724409 2.7716536 1.531496 0 P 0
L 2.7716536 1.4724409 2.8779528 1.4724409 0 P 0
L 2.7716536 1.531496 2.8779528 1.531496 0 P 0
L 2.7746063 1.1486221 2.7746063 1.1879922 1 P 0
L 2.7874016 0.6072834 2.7874016 0.7135826 0 P 0
L 2.7874016 0.6072834 2.8464567 0.6072834 0 P 0
L 2.7874016 0.7135826 2.8464567 0.7135826 0 P 0
L 2.7929922 0.9163385 2.8323622 0.9163385 1 P 0
L 2.7972441 0.5206693 2.8366142 0.5206693 1 P 0
L 2.7992126 0.660433 2.8346456 0.660433 1 P 0
L 2.7992126 1.2923228 2.8385826 1.2923228 1 P 0
L 2.8061024 1.4192914 2.8061024 1.4783465 0 P 0
L 2.8061024 1.4192914 2.9124016 1.4192914 0 P 0
L 2.8061024 1.4783465 2.9124016 1.4783465 0 P 0
L 2.8070866 1.5019685 2.8425197 1.5019685 1 P 0
L 2.8126772 0.8966535 2.8126772 0.9360235 1 P 0
L 2.8169291 0.5009843 2.8169291 0.5403544 1 P 0
L 2.8169291 0.6427164 2.8169291 0.6781495 1 P 0
L 2.8188976 1.2726377 2.8188976 1.3120078 1 P 0
L 2.8248032 1.484252 2.8248032 1.519685 1 P 0
L 2.8415355 1.448819 2.8769686 1.448819 1 P 0
L 2.8464567 0.6072834 2.8464567 0.7135826 0 P 0
L 2.859252 1.4311025 2.859252 1.4665355 1 P 0
L 2.8648819 0.6112205 2.8648819 0.7135827 0 P 0
L 2.8648819 0.6112205 2.923937 0.6112205 0 P 0
L 2.8648819 0.7135827 2.923937 0.7135827 0 P 0
L 2.8700788 0.4527559 2.8700788 0.5885827 0 P 0
L 2.8757086 0.6624016 2.9131102 0.6624016 1 P 0
L 2.8779528 1.4724409 2.8779528 1.531496 0 P 0
L 2.8944094 0.6437008 2.8944094 0.6811023 1 P 0
L 2.9124016 1.4192914 2.9124016 1.4783465 0 P 0
L 2.9154331 0.7332676 2.9154331 1.0994094 0 P 0
L 2.9163386 0.9478347 2.9163386 1.3887796 0 P 0
L 2.923937 0.6112205 2.923937 0.7135827 0 P 0
L 2.9271653 1.1466535 2.9271653 1.4379921 0 P 0
L 2.9517716 1.1417323 2.9517716 1.2480315 0 P 0
L 2.9517716 1.1417323 3.0108267 1.1417323 0 P 0
L 2.9517716 1.2480315 3.0108267 1.2480315 0 P 0
L 2.9635827 1.1948819 2.9990157 1.1948819 1 P 0
L 2.9812992 1.1771654 2.9812992 1.2125985 1 P 0
L 2.9852363 1.7135827 2.9852363 1.847441 0 P 0
L 2.9852363 1.7135827 3.0600394 1.7135827 0 P 0
L 2.9852363 1.847441 3.0600394 1.847441 0 P 0
L 2.9940945 1.5994095 2.9940945 1.7017717 0 P 0
L 2.9940945 1.5994095 3.0531496 1.5994095 0 P 0
L 2.9940945 1.7017717 3.0531496 1.7017717 0 P 0
L 3.0029528 1.7805118 3.0423229 1.7805118 1 P 0
L 3.0049212 1.6505906 3.0423228 1.6505906 1 P 0
L 3.0108267 1.1417323 3.0108267 1.2480315 0 P 0
L 3.0226378 1.7608268 3.0226378 1.8001969 1 P 0
L 3.023622 1.6318899 3.023622 1.6692914 1 P 0
L 3.0531496 1.5994095 3.0531496 1.7017717 0 P 0
L 3.0600394 1.7135827 3.0600394 1.847441 0 P 0
L 3.1200786 1.0059056 3.1200786 1.1122048 0 P 0
L 3.1200786 1.0059056 3.1791337 1.0059056 0 P 0
L 3.1200786 1.1122048 3.1791337 1.1122048 0 P 0
L 3.121063 1.1437008 3.121063 1.25 0 P 0
L 3.121063 1.1437008 3.1801181 1.1437008 0 P 0
L 3.121063 1.25 3.1801181 1.25 0 P 0
L 3.1318897 1.0590552 3.1673227 1.0590552 1 P 0
L 3.132874 1.1968504 3.168307 1.1968504 1 P 0
L 3.1496062 1.0413387 3.1496062 1.0767718 1 P 0
L 3.1505905 1.1791338 3.1505905 1.2145669 1 P 0
L 3.1791337 1.0059056 3.1791337 1.1122048 0 P 0
L 3.1801181 1.1437008 3.1801181 1.25 0 P 0
