#Layer_Color=16711935
#
#Feature symbol names
#
$0 r3.937

#
#Feature attribute names
#

#
#Layer features
#
A 0.9320865 0.3956692 0.9320865 0.3956692 0.9124015 0.3956692 0 P 0 N
A 1.3277559 0.2529527 1.3277559 0.2529527 1.3080709 0.2529527 0 P 0 N
A 2.1122047 0.9074803 2.1122047 0.9074803 2.0925197 0.9074803 0 P 0 N
A 2.1978345 1.1437008 2.1978345 1.1437008 2.1781495 1.1437008 0 P 0 N
A 2.378937 1.2165356 2.378937 1.2165356 2.363189 1.2165356 0 P 0 N
A 2.7755905 1.3356299 2.7755905 1.3356299 2.7559055 1.3356299 0 P 0 N
L 0.5600394 0.1299213 0.5600394 0.1968504 0 P 0
L 0.5600394 0.1299213 0.5954724 0.1299213 0 P 0
L 0.5600394 0.1968504 0.5954724 0.1968504 0 P 0
L 0.5954724 0.1299213 0.5954724 0.1968504 0 P 0
L 0.6368111 1.0807087 0.6368111 1.1476378 0 P 0
L 0.6368111 1.0807087 0.6722441 1.0807087 0 P 0
L 0.6368111 1.1476378 0.6722441 1.1476378 0 P 0
L 0.6456693 0.4419292 0.6456693 0.4773622 0 P 0
L 0.6456693 0.4419292 0.7125984 0.4419292 0 P 0
L 0.6456693 0.4773622 0.7125984 0.4773622 0 P 0
L 0.6466535 0.3700788 0.6466535 0.4055118 0 P 0
L 0.6466535 0.3700788 0.7135826 0.3700788 0 P 0
L 0.6466535 0.4055118 0.7135826 0.4055118 0 P 0
L 0.6476379 0.2982284 0.6476379 0.3336614 0 P 0
L 0.6476379 0.2982284 0.714567 0.2982284 0 P 0
L 0.6476379 0.3336614 0.714567 0.3336614 0 P 0
L 0.6722441 1.0807087 0.6722441 1.1476378 0 P 0
L 0.6850394 0.1092521 0.6850394 0.2293308 0 P 0
L 0.6850394 0.1092521 0.753937 0.1092521 0 P 0
L 0.6850394 0.2293308 0.753937 0.2293308 0 P 0
L 0.7076772 1.0797244 0.7076772 1.1466535 0 P 0
L 0.7076772 1.0797244 0.7431102 1.0797244 0 P 0
L 0.7076772 1.1466535 0.7431102 1.1466535 0 P 0
L 0.7125984 0.4419292 0.7125984 0.4773622 0 P 0
L 0.7135826 0.3700788 0.7135826 0.4055118 0 P 0
L 0.714567 0.2982284 0.714567 0.3336614 0 P 0
L 0.7431102 1.0797244 0.7431102 1.1466535 0 P 0
L 0.753937 0.1092521 0.753937 0.2293308 0 P 0
L 0.8257874 0.3090551 0.8257874 0.4311023 0 P 0
L 0.8257874 0.3090551 0.9478346 0.3090551 0 P 0
L 0.8257874 0.4311023 0.9478346 0.4311023 0 P 0
L 0.8484253 0.194882 0.8484253 0.2322836 0 P 0
L 0.8484253 0.194882 0.913386 0.194882 0 P 0
L 0.8484253 0.2322836 0.913386 0.2322836 0 P 0
L 0.8484254 0.1289371 0.8484254 0.1643701 0 P 0
L 0.8484254 0.1289371 0.9153545 0.1289371 0 P 0
L 0.8484254 0.1643701 0.9153545 0.1643701 0 P 0
L 0.8523623 1.577693 0.8523623 1.6446221 0 P 0
L 0.8523623 1.577693 0.8877953 1.577693 0 P 0
L 0.8523623 1.6446221 0.8877953 1.6446221 0 P 0
L 0.8877953 1.577693 0.8877953 1.6446221 0 P 0
L 0.913386 0.194882 0.913386 0.2322836 0 P 0
L 0.9153545 0.1289371 0.9153545 0.1643701 0 P 0
L 0.9232283 1.5767716 0.9232283 1.6417323 0 P 0
L 0.9232283 1.5767716 0.9606299 1.5767716 0 P 0
L 0.9232283 1.6417323 0.9606299 1.6417323 0 P 0
L 0.9478346 0.3090551 0.9478346 0.4311023 0 P 0
L 0.9576773 0.1456693 0.9576773 0.2086615 0 P 0
L 0.9576773 0.1456693 0.9891733 0.1456693 0 P 0
L 0.9576773 0.2086615 0.9891733 0.2086615 0 P 0
L 0.9606299 1.5767716 0.9606299 1.6417323 0 P 0
L 0.9891733 0.1456693 0.9891733 0.2086615 0 P 0
L 1.0236222 0.1427166 1.0236222 0.2096457 0 P 0
L 1.0236222 0.1427166 1.0590552 0.1427166 0 P 0
L 1.0236222 0.2096457 1.0590552 0.2096457 0 P 0
L 1.0590552 0.1427166 1.0590552 0.2096457 0 P 0
L 1.1663386 0.2175196 1.1663386 0.4773621 0 P 0
L 1.1663386 0.2175196 1.343504 0.2175196 0 P 0
L 1.1663386 0.4773621 1.343504 0.4773621 0 P 0
L 1.343504 0.2175196 1.343504 0.4773621 0 P 0
L 1.4350393 0.503937 1.4350393 0.5413386 0 P 0
L 1.4350393 0.503937 1.5 0.503937 0 P 0
L 1.4350393 0.5413386 1.5 0.5413386 0 P 0
L 1.4360237 0.5777559 1.4360237 0.6131889 0 P 0
L 1.4360237 0.5777559 1.5029528 0.5777559 0 P 0
L 1.4360237 0.6131889 1.5029528 0.6131889 0 P 0
L 1.4360237 0.644685 1.4360237 0.680118 0 P 0
L 1.4360237 0.644685 1.5029528 0.644685 0 P 0
L 1.4360237 0.680118 1.5029528 0.680118 0 P 0
L 1.4360237 0.7116141 1.4360237 0.7470471 0 P 0
L 1.4360237 0.7116141 1.5029528 0.7116141 0 P 0
L 1.4360237 0.7470471 1.5029528 0.7470471 0 P 0
L 1.4360237 0.7765747 1.4360237 0.8120077 0 P 0
L 1.4360237 0.7765747 1.5029528 0.7765747 0 P 0
L 1.4360237 0.8120077 1.5029528 0.8120077 0 P 0
L 1.4360237 0.8435039 1.4360237 0.8789369 0 P 0
L 1.4360237 0.8435039 1.5029528 0.8435039 0 P 0
L 1.4360237 0.8789369 1.5029528 0.8789369 0 P 0
L 1.4458662 0.1909448 1.4458662 0.2578739 0 P 0
L 1.4458662 0.1909448 1.4812992 0.1909448 0 P 0
L 1.4458662 0.2578739 1.4812992 0.2578739 0 P 0
L 1.4507873 1.1013778 1.4507873 1.1387794 0 P 0
L 1.4507873 1.1013778 1.515748 1.1013778 0 P 0
L 1.4507873 1.1387794 1.515748 1.1387794 0 P 0
L 1.4517715 1.172244 1.4517715 1.2096456 0 P 0
L 1.4517715 1.172244 1.5167322 1.172244 0 P 0
L 1.4517715 1.2096456 1.5167322 1.2096456 0 P 0
L 1.4812992 0.1909448 1.4812992 0.2578739 0 P 0
L 1.5 0.503937 1.5 0.5413386 0 P 0
L 1.5029528 0.5777559 1.5029528 0.6131889 0 P 0
L 1.5029528 0.644685 1.5029528 0.680118 0 P 0
L 1.5029528 0.7116141 1.5029528 0.7470471 0 P 0
L 1.5029528 0.7765747 1.5029528 0.8120077 0 P 0
L 1.5029528 0.8435039 1.5029528 0.8789369 0 P 0
L 1.515748 1.1013778 1.515748 1.1387794 0 P 0
L 1.5167322 1.172244 1.5167322 1.2096456 0 P 0
L 1.5836613 1.1082677 1.5836613 1.738189 0 P 0
L 1.5836613 1.1082677 2.2135826 1.1082677 0 P 0
L 1.5836613 1.738189 2.2135826 1.738189 0 P 0
L 1.7214567 0.3444882 1.7214567 0.4114173 0 P 0
L 1.7214567 0.3444882 1.7568897 0.3444882 0 P 0
L 1.7214567 0.4114173 1.7568897 0.4114173 0 P 0
L 1.734252 0.5492126 1.734252 0.9429134 0 P 0
L 1.734252 0.5492126 2.1279528 0.5492126 0 P 0
L 1.734252 0.9429134 2.1279528 0.9429134 0 P 0
L 1.7568897 0.3444882 1.7568897 0.4114173 0 P 0
L 1.7883858 0.347441 1.7883858 0.4124017 0 P 0
L 1.7883858 0.347441 1.8257874 0.347441 0 P 0
L 1.7883858 0.4124017 1.8257874 0.4124017 0 P 0
L 1.8257874 0.347441 1.8257874 0.4124017 0 P 0
L 1.8651575 0.7785433 1.8651575 0.8454724 0 P 0
L 1.8651575 0.7785433 1.9005905 0.7785433 0 P 0
L 1.8651575 0.8454724 1.9005905 0.8454724 0 P 0
L 1.8700787 0.3444882 1.8700787 0.4114173 0 P 0
L 1.8700787 0.3444882 1.9055117 0.3444882 0 P 0
L 1.8700787 0.4114173 1.9055117 0.4114173 0 P 0
L 1.9005905 0.7785433 1.9005905 0.8454724 0 P 0
L 1.9055117 0.3444882 1.9055117 0.4114173 0 P 0
L 1.9311023 0.7785433 1.9311023 0.8454724 0 P 0
L 1.9311023 0.7785433 1.9665353 0.7785433 0 P 0
L 1.9311023 0.8454724 1.9665353 0.8454724 0 P 0
L 1.9360236 0.3444882 1.9360236 0.4114173 0 P 0
L 1.9360236 0.3444882 1.9714566 0.3444882 0 P 0
L 1.9360236 0.4114173 1.9714566 0.4114173 0 P 0
L 1.9665353 0.7785433 1.9665353 0.8454724 0 P 0
L 1.9714566 0.3444882 1.9714566 0.4114173 0 P 0
L 1.9714567 0.9517716 1.9714567 1.0187007 0 P 0
L 1.9714567 0.9517716 2.0068897 0.9517716 0 P 0
L 1.9714567 1.0187007 2.0068897 1.0187007 0 P 0
L 1.9990157 0.7785433 1.9990157 0.8454724 0 P 0
L 1.9990157 0.7785433 2.0344487 0.7785433 0 P 0
L 1.9990157 0.8454724 2.0344487 0.8454724 0 P 0
L 2.0068897 0.9517716 2.0068897 1.0187007 0 P 0
L 2.0226378 0.3444882 2.0226378 0.4114173 0 P 0
L 2.0226378 0.3444882 2.0580708 0.3444882 0 P 0
L 2.0226378 0.4114173 2.0580708 0.4114173 0 P 0
L 2.0344487 0.7785433 2.0344487 0.8454724 0 P 0
L 2.0580708 0.3444882 2.0580708 0.4114173 0 P 0
L 2.1279528 0.5492126 2.1279528 0.9429134 0 P 0
L 2.1387795 1.3297245 2.1387795 1.3946852 0 P 0
L 2.1387795 1.3297245 2.1761811 1.3297245 0 P 0
L 2.1387795 1.3946852 2.1761811 1.3946852 0 P 0
L 2.1761811 1.3297245 2.1761811 1.3946852 0 P 0
L 2.2135826 1.1082677 2.2135826 1.738189 0 P 0
L 2.2559055 0.523622 2.2559055 0.5610236 0 P 0
L 2.2559055 0.523622 2.3208662 0.523622 0 P 0
L 2.2559055 0.5610236 2.3208662 0.5610236 0 P 0
L 2.2667323 1.2660761 2.2667323 1.3231628 0 P 0
L 2.2667323 1.2660761 2.3533465 1.2660761 0 P 0
L 2.2667323 1.3231628 2.3533465 1.3231628 0 P 0
L 2.273622 1.3612205 2.273622 1.3986221 0 P 0
L 2.273622 1.3612205 2.3385827 1.3612205 0 P 0
L 2.273622 1.3986221 2.3385827 1.3986221 0 P 0
L 2.2736221 1.1122048 2.2736221 1.1476378 0 P 0
L 2.2736221 1.1122048 2.3405512 1.1122048 0 P 0
L 2.2736221 1.1476378 2.3405512 1.1476378 0 P 0
L 2.2736221 1.1896326 2.2736221 1.2250656 0 P 0
L 2.2736221 1.1896326 2.3405512 1.1896326 0 P 0
L 2.2736221 1.2250656 2.3405512 1.2250656 0 P 0
L 2.3021653 1.3297244 2.3021653 1.3946851 0 P 0
L 2.3021653 1.3297244 2.3395669 1.3297244 0 P 0
L 2.3021653 1.3946851 2.3395669 1.3946851 0 P 0
L 2.3208662 0.523622 2.3208662 0.5610236 0 P 0
L 2.3316929 1.1653545 2.3316929 1.2480316 0 P 0
L 2.3316929 1.1653545 2.4261811 1.1653545 0 P 0
L 2.3316929 1.2480316 2.4261811 1.2480316 0 P 0
L 2.3385827 1.3612205 2.3385827 1.3986221 0 P 0
L 2.3395669 1.3297244 2.3395669 1.3946851 0 P 0
L 2.3405512 1.1122048 2.3405512 1.1476378 0 P 0
L 2.3405512 1.1896326 2.3405512 1.2250656 0 P 0
L 2.3533465 1.2660761 2.3533465 1.3231628 0 P 0
L 2.3700787 1.3297244 2.3700787 1.3946851 0 P 0
L 2.3700787 1.3297244 2.4074803 1.3297244 0 P 0
L 2.3700787 1.3946851 2.4074803 1.3946851 0 P 0
L 2.3927167 0.6919292 2.3927167 0.7273622 0 P 0
L 2.3927167 0.6919292 2.4596458 0.6919292 0 P 0
L 2.3927167 0.7273622 2.4596458 0.7273622 0 P 0
L 2.3956693 0.5216535 2.3956693 0.5590551 0 P 0
L 2.3956693 0.5216535 2.46063 0.5216535 0 P 0
L 2.3956693 0.5590551 2.46063 0.5590551 0 P 0
L 2.3956694 0.5954725 2.3956694 0.6328741 0 P 0
L 2.3956694 0.5954725 2.4606301 0.5954725 0 P 0
L 2.3956694 0.6328741 2.4606301 0.6328741 0 P 0
L 2.4074803 1.3297244 2.4074803 1.3946851 0 P 0
L 2.4261811 1.1653545 2.4261811 1.2480316 0 P 0
L 2.4370079 1.3297244 2.4370079 1.3946851 0 P 0
L 2.4370079 1.3297244 2.4744095 1.3297244 0 P 0
L 2.4370079 1.3946851 2.4744095 1.3946851 0 P 0
L 2.4596458 0.6919292 2.4596458 0.7273622 0 P 0
L 2.46063 0.5216535 2.46063 0.5590551 0 P 0
L 2.4606301 0.5954725 2.4606301 0.6328741 0 P 0
L 2.4744095 1.3297244 2.4744095 1.3946851 0 P 0
L 2.4763779 2.1220473 2.4763779 2.1574803 0 P 0
L 2.4763779 2.1220473 2.543307 2.1220473 0 P 0
L 2.4763779 2.1574803 2.543307 2.1574803 0 P 0
L 2.5305117 0.5944882 2.5305117 0.6318898 0 P 0
L 2.5305117 0.5944882 2.5954724 0.5944882 0 P 0
L 2.5305117 0.6318898 2.5954724 0.6318898 0 P 0
L 2.543307 2.1220473 2.543307 2.1574803 0 P 0
L 2.5954724 0.5944882 2.5954724 0.6318898 0 P 0
L 2.6387795 1.1643701 2.6387795 1.2293308 0 P 0
L 2.6387795 1.1643701 2.6761811 1.1643701 0 P 0
L 2.6387795 1.2293308 2.6761811 1.2293308 0 P 0
L 2.6427166 0.9872048 2.6427166 1.2116143 0 P 0
L 2.6427166 0.9872048 2.9064961 0.9872048 0 P 0
L 2.6427166 1.2116143 2.9064961 1.2116143 0 P 0
L 2.6742127 1.4311025 2.6742127 1.4665355 0 P 0
L 2.6742127 1.4311025 2.7411418 1.4311025 0 P 0
L 2.6742127 1.4665355 2.7411418 1.4665355 0 P 0
L 2.6761811 1.1643701 2.6761811 1.2293308 0 P 0
L 2.7204724 1.2135826 2.7204724 1.3710629 0 P 0
L 2.7204724 1.2135826 2.9173228 1.2135826 0 P 0
L 2.7204724 1.3710629 2.9173228 1.3710629 0 P 0
L 2.720748 0.6299211 2.720748 0.6948818 0 P 0
L 2.720748 0.6299211 2.7581496 0.6299211 0 P 0
L 2.720748 0.6948818 2.7581496 0.6948818 0 P 0
L 2.7411418 1.4311025 2.7411418 1.4665355 0 P 0
L 2.7437796 0.7490157 2.7437796 1.0836613 0 P 0
L 2.7437796 0.7490157 2.8815748 0.7490157 0 P 0
L 2.7437796 1.0836613 2.8815748 1.0836613 0 P 0
L 2.7581496 0.6299211 2.7581496 0.6948818 0 P 0
L 2.7736221 0.4940945 2.7736221 0.5472441 0 P 0
L 2.7736221 0.4940945 2.8602362 0.4940945 0 P 0
L 2.7736221 0.5472441 2.8602362 0.5472441 0 P 0
L 2.7913386 1.484252 2.7913386 1.519685 0 P 0
L 2.7913386 1.484252 2.8582677 1.484252 0 P 0
L 2.7913386 1.519685 2.8582677 1.519685 0 P 0
L 2.7992126 0.6269684 2.7992126 0.6938975 0 P 0
L 2.7992126 0.6269684 2.8346456 0.6269684 0 P 0
L 2.7992126 0.6938975 2.8346456 0.6938975 0 P 0
L 2.8257875 1.4311025 2.8257875 1.4665355 0 P 0
L 2.8257875 1.4311025 2.8927166 1.4311025 0 P 0
L 2.8257875 1.4665355 2.8927166 1.4665355 0 P 0
L 2.8346456 0.6269684 2.8346456 0.6938975 0 P 0
L 2.8582677 1.484252 2.8582677 1.519685 0 P 0
L 2.8602362 0.4940945 2.8602362 0.5472441 0 P 0
L 2.8757086 0.6299212 2.8757086 0.6948819 0 P 0
L 2.8757086 0.6299212 2.9131102 0.6299212 0 P 0
L 2.8757086 0.6948819 2.9131102 0.6948819 0 P 0
L 2.8815748 0.7490157 2.8815748 1.0836613 0 P 0
L 2.8927166 1.4311025 2.8927166 1.4665355 0 P 0
L 2.9064961 0.9872048 2.9064961 1.2116143 0 P 0
L 2.9131102 0.6299212 2.9131102 0.6948819 0 P 0
L 2.9173228 1.2135826 2.9173228 1.3710629 0 P 0
L 2.9635827 1.1614174 2.9635827 1.2283465 0 P 0
L 2.9635827 1.1614174 2.9990157 1.1614174 0 P 0
L 2.9635827 1.2283465 2.9990157 1.2283465 0 P 0
L 2.996063 1.7391732 2.996063 1.8218504 0 P 0
L 2.996063 1.7391732 3.0492126 1.7391732 0 P 0
L 2.996063 1.8218504 3.0492126 1.8218504 0 P 0
L 2.9990157 1.1614174 2.9990157 1.2283465 0 P 0
L 3.0049212 1.6181103 3.0049212 1.683071 0 P 0
L 3.0049212 1.6181103 3.0423228 1.6181103 0 P 0
L 3.0049212 1.683071 3.0423228 1.683071 0 P 0
L 3.0423228 1.6181103 3.0423228 1.683071 0 P 0
L 3.0492126 1.7391732 3.0492126 1.8218504 0 P 0
L 3.1318897 1.0255907 3.1318897 1.0925198 0 P 0
L 3.1318897 1.0255907 3.1673227 1.0255907 0 P 0
L 3.1318897 1.0925198 3.1673227 1.0925198 0 P 0
L 3.132874 1.1633858 3.132874 1.2303149 0 P 0
L 3.132874 1.1633858 3.168307 1.1633858 0 P 0
L 3.132874 1.2303149 3.168307 1.2303149 0 P 0
L 3.1673227 1.0255907 3.1673227 1.0925198 0 P 0
L 3.168307 1.1633858 3.168307 1.2303149 0 P 0
