#Layer_Color=16711935
#
#Feature symbol names
#
$0 r3.937
$1 r7.874

#
#Feature attribute names
#

#
#Layer features
#
L 0.6860238 1.5925198 0.6860238 1.8287402 0 P 0
L 0.6860238 1.5925198 0.823819 1.5925198 0 P 0
L 0.6860238 1.8287402 0.823819 1.8287402 0 P 0
L 0.823819 1.5925198 0.823819 1.8287402 0 P 0
L 1.5531496 0.1673229 1.5531496 0.4035433 0 P 0
L 1.5531496 0.1673229 1.6909448 0.1673229 0 P 0
L 1.5531496 0.4035433 1.6909448 0.4035433 0 P 0
L 1.6909448 0.1673229 1.6909448 0.4035433 0 P 0
L 1.8143701 0.1614173 1.8143701 0.2874015 0 P 0
L 1.8143701 0.1614173 2.0143701 0.1614173 0 P 0
L 1.8143701 0.2874015 2.0143701 0.2874015 0 P 0
L 2.0143701 0.1614173 2.0143701 0.2874015 0 P 0
L 2.1269685 1.5187008 2.1269685 1.644685 1 P 0
L 2.1269685 1.5187008 2.1899607 1.5187008 1 P 0
L 2.1269685 1.644685 2.1899607 1.644685 1 P 0
L 2.1309055 1.617126 2.1899607 1.617126 1 P 0
L 2.1899607 1.5187008 2.1899607 1.644685 1 P 0
L 2.2578739 1.5196851 2.2578739 1.6456693 1 P 0
L 2.2578739 1.5196851 2.3208661 1.5196851 1 P 0
L 2.2578739 1.5472441 2.3169291 1.5472441 1 P 0
L 2.2578739 1.6456693 2.3208661 1.6456693 1 P 0
L 2.3208661 1.5196851 2.3208661 1.6456693 1 P 0
L 2.3562991 1.5196851 2.3562991 1.6456693 1 P 0
L 2.3562991 1.5196851 2.4192913 1.5196851 1 P 0
L 2.3562991 1.5472441 2.4153543 1.5472441 1 P 0
L 2.3562991 1.6456693 2.4192913 1.6456693 1 P 0
L 2.4192913 1.5196851 2.4192913 1.6456693 1 P 0
L 2.4586613 1.5196851 2.4586613 1.6456693 1 P 0
L 2.4586613 1.5196851 2.5216535 1.5196851 1 P 0
L 2.4586613 1.5472441 2.5177165 1.5472441 1 P 0
L 2.4586613 1.6456693 2.5216535 1.6456693 1 P 0
L 2.5216535 1.5196851 2.5216535 1.6456693 1 P 0
L 3.0720472 0.5944882 3.0720472 0.8031496 0 P 0
L 3.0720472 0.5944882 3.434252 0.5944882 0 P 0
L 3.0720472 0.8031496 3.4342519 0.8031496 0 P 0
L 3.4342519 0.5944882 3.4342519 0.8031496 0 P 0
L 3.4342519 0.5944882 3.434252 0.5944882 0 P 0
